11681911000064979
11681911000064986
11681911000064998
11681911000065009
11681911000065018
11681911000065020
11681911000065035
11681911000065045
11681911000065050
11681911000065063
11681911000065078
11681911000065082
11681911000065094
11681911000065102
11681911000065112
11681911000065126
11681911000065139
11681911000065141
11681911000065154
11681911000065169
11681911000065173
11681911000065186
11681911000065195
11681911000065206
11681911000065217
11681911000065225
11681911000065238
11681911000065247
11681911000065250
11681911000065263
11681911000065270
11681911000065284
11681911000065295
11681911000065308
11681911000065315
11681911000065322
11681911000065338
11681911000065341
11681911000065357
11681911000065361
11681911000065372
11681911000065386
11681911000065399
11681911000065409
11681911000065414
11681911000065421
11681911000065432
11681911000065441
11681911000065458
11681911000065466
11681911000065477
11681911000065485
11681911000065492
11681911000065518
11681911000065505
11681911000065523
11681911000065531
11681911000065542
11681911000065554
11681911000065568
11681911000065575
11681911000065583
11681911000065592
11681911000065605
11681911000065614
11681911000065627
11681911000065642
11681911000065634
11681911000065659
11681911000065667
11681911000065678
11681911000065681
11681911000065695
11681911000065705
11681911000065715
11681911000065725
11681911000065736
11681911000065740
11681911000065751
11681911000065762
11681911000065770
11681911000065786
11681911000065798
11681911000065804
11681911000065810
11681911000065820
11681911000065831
11681911000065849
11681911000065856
11681911000065863
11681911000065883
11681911000065877
11681911000065898
11681911000065902
11681911000065917
11681911000065922
11681911000065935
11681911000065947
11681911000065956
11681911000065968
11681911000065970
11681911000065982
11681911000065996
11681911000066007
11681911000066014
11681911000066023
11681911000066894
11681911000066033
11681911000066041
11681911000066054
11681911000066065
11681911000066909
11681911000066077
11681911000066089
11681911000066091
11681911000066914
11681911000066108
11681911000066110
11681911000066929
11681911000066936
11681911000066940
11681911000066951
11681911000066966
11681911000066971
11681911000066988
11681911000066124
11681911000066132
11681911000066994
11681911000067005
11681911000067010
11681911000067026
11681911000067031
11681911000067047
11681911000066145
11681911000067058
11681911000067067
11681911000066150
11681911000066168
11681911000066175
11681911000066183
11681911000066192
11681911000066209
11681911000066215
11681911000066223
11681911000066234
11681911000066249
11681911000066259
11681911000066269
11681911000066274
11681911000066285
11681911000066292
11681911000066306
11681911000066318
11681911000066328
11681911000066336
11681911000066340
11681911000066359
11681911000066365
11681911000066378
11681911000066383
11681911000066390
11681911000066405
11681911000066418
11681911000066423
11681911000066431
11681911000066449
11681911000067076
11681911000067086
11681911000066454
11681911000066469
11681911000066475
11681911000066480
11681911000066495
11681911000066509
11681911000066514
11681911000066522
11681911000066533
11681911000066548
11681911000066552
11681911000066566
11681911000066578
11681911000066586
11681911000066597
11681911000066607
11681911000066613
11681911000067098
11681911000067104
11681911000066623
11681911000066638
11681911000066645
11681911000066657
11681911000066665
11681911000067118
11681911000067122
11681911000067135
11681911000067149
11681911000066674
11681911000066682
11681911000066693
11681911000066704
11681911000066717
11681911000066729
11681911000066732
11681911000067156
11681911000067167
11681911000066748
11681911000066754
11681911000066768
11681911000067177
11681911000066778
11681911000067180
11681911000066784
11681911000066799
11681911000066801
11681911000067199
11681911000067202
11681911000066817
11681911000066821
11681911000066838
11681911000067213
11681911000067221
11681911000067230
11681911000067241
11681911000067258
11681911000067265
11681911000067278
11681911000067286
11681911000067299
11681911000067304
11681911000067311
11681911000067324
11681911000067334
11681911000067349
11681911000067351
11681911000067369
11681911000067374
11681911000067380
11681911000067391
11681911000067401
11681911000067412
11681911000067425
11681911000067430
11681911000067447
11681911000067450
11681911000067462
11681911000067485
11681911000067473
11681911000067498
11681911000067503
11681911000067510
11681911000067521
11681911000067535
11681911000067544
11681911000067550
11681911000067564
11681911000067571
11681911000067589
11681911000067592
11681911000067609
11681911000067612
11681911000067629
11681911000067648
11681911000067632
11681911000067655
11681911000067663
11681911000067683
11681911000067670
11681911000067691
11681911000067703
11681911000067719
11681911000067723
11681911000067738
11681911000067746
11681911000067757
11681911000067776
11681911000067764
11681911000067782
11681911000067790
11681911000067808
11681911000067849
11681911000067814
11681911000067822
11681911000067835
11681911000067852
11681911000067865
11681911000067873
11681911000067889
11681911000067890
11681911000067906
11681911000067911
11681911000067926
11681911000067937
11681911000067943
11681911000067956
11681911000067964
11681911000067972
11681911000067992
11681911000067984
11681911000068003
11681911000068016
11681911000068029
11681911000068039
11681911000068043
11681911000068052
11681911000068069
11681911000068075
11681911000068083
11681911000068095
11681911000068100
11681911000068116
11681911000068143
11681911000068120
11681911000068138
11681911000068152
11681911000068166
11681911000068179
11681911000068187
11681911000068196
11681911000068205
11681911000068211
11681911000068229
11681911000068236
11681911000068243
11681911000068257
11681911000068261
11681911000068272
11681911000068287
11681911000068296
11681911000068302
11681911000068314
11681911000068320
11681911000068332
11681911000068348
11681911000068353
11681911000068363
11681911000068370
11681911000068387
11681911000068392
11681911000068407
11681911000068416
11681911000068427
11681911000068439
11681911000068445
11681911000068456
11681911000068465
11681911000068471
11681911000068480
11681911000068491
11681911000068507
11681911000068516
11681911000068520
11681911000068537
11681911000068540
11681911000068558
11681911000068562
11681911000068574
11681911000068597
11681911000068582
11681911000068601
11681911000068611
11681911000068625
11681911000068636
11681911000068641
11681911000068653
11681911000068661
11681911000068676
11681911000068684
11681911000068699
11681911000068702
11681911000068711
11681911000068734
11681911000068727
11681911000068744
11681911000068750
11681911000068760
11681911000068774
11681911000068780
11681911000068791
11681911000068805
11681911000068811
11681911000068823
11681911000068832
11681911000068844
11681911000068855
11681911000068866
11681911000068871
11681911000068887
11681911000068896
11681911000068903
11681911000068918
11681911000068923
11681911000068938
11681911000068946
11681911000068951
11681911000068962
11681911000068973
11681911000068980
11681911000068990
11681911000069001
11681911000069012
11681911000069022
11681911000069037
11681911000069049
11681911000069056
11681911000069061
11681911000069074
11681911000069080
11681911000069092
11681911000069106
11681911000069114
11681911000069128
11681911000069131
11681911000069147
11681911000069158
11681911000069165
11681911000069171
11681911000069184
11681911000069193
11681911000069208
11681911000069219
11681911000069227
11681911000069232
11681911000069245
11681911000069256
11681911000069267
11681911000069276
11681911000069288
11681911000069293
11681911000069300
11681911000069317
11681911000069326
11681911000069330
11681911000069347
11681911000069355
11681911000069367
11681911000069376
11681911000069393
11681911000069384
11681911000069403
11681911000069410
11681911000069438
11681911000069429
11681911000069443
11681911000069452
11681911000069468
11681911000069479
11681911000069485
11681911000069494
11681911000069501
11681911000069512
11681911000069529
11681911000069539
11681911000069546
11681911000069556
11681911000069560
11681911000069577
11681911000069585
11681911000069592
11681911000069603
11681911000069610
11681911000069621
11681911000069630
11681911000069644
11681911000069651
11681911000069669
11681911000069672
11681911000069685
11681911000069697
11681911000069701
11681911000069713
11681911000069721
11681911000069730
11681911000069742
11681911000069753
11681911000069766
11681911000069772
11681911000069788
11681911000069792
11681911000069802
11681911000069818
11681911000069824
11681911000069839
11681911000069849
11681911000069858
11681911000069867
11681911000069879
11681911000069885
11681911000069892
11681911000069900
11681911000069915
11681911000069920
11681911000069939
11681911000069949
11681911000069956
11681911000069960
11681911000069974
11681911000069986
11681911000069998
11681911000070008
11681911000070015
